%YAML:1.0
mm_per_unit: 10.0
corners: 
#  - [[-12,54,0],[12,54,0],[12,30,0],[-12,30,0]] 
#  - [[30,12,0],[54,12,0],[54,-12,0],[30,-12,0]] 
#  - [[-12.5,-30,0],[12.5,-30,0],[12.5,-55,0],[-12.5,-55,0]] 
#  - [[-54,12,0],[-30,12,0],[-30,-12,0],[-54,-12,0]] 
 - [[-55,55,0],[-15,55,0],[-15,15,0],[-55,15,0]] 
 - [[15,55,0],[55,55,0],[55,15,0],[15,15,0]] 
 - [[15,-15,0],[55,-15,0],[55,-55,0],[15,-55,0]] 
 - [[-55,-15,0],[-15,-15,0],[-15,-55,0],[-55,-55,0]] 
 - [[-10,35,0],[10,35,0],[10,15,0],[-10,15,0]] 
 - [[-35,10,0],[-15,10,0],[-15,-10,0],[-35,-10,0]]
 - [[-10,10,0],[10,10,0],[10,-10,0],[-10,-10,0]]
 - [[15,10,0],[35,10,0],[35,-10,0],[15,-10,0]]
 - [[-10,-15,0],[10,-15,0],[10,-35,0],[-10,-35,0]] 
ids:  
 - 3 
 - 4 
 - 5 
 - 6 
 - 7
 - 8
 - 9
 - 10
 - 11
