offsetX: -4.956012859242037
offsetY: 1.645200952421874