offsetX: -0.1766858554910868
offsetY: -0.0009320778772234917