offsetX: 5.337360322941095
offsetY: 4.876147232018411