A : [ 21.0063351 , 105.8429903 , 20.0]

B : [ 21.0063351 , 105.8432352 , 20.0]

C : [ 21.0062619 , 105.8432352 , 20.0]

D : [ 21.0062619 , 105.8429999 , 20.0]

E:  [ 21.0062032, 105.8429999 ,20.0 ]

F: [ 21.0062032, 105.8432535, 20.0]

G: [ 21.0061541, 105.8432535, 20.0]

H: [ 21.0061541, 105.8429972 ,20.0]

I: [ 21.0061065, 105.8429972,20.0]

J: [ 21.0061065, 105.8432432, 20.0]