A : [ 21.0065177 , 105.8429565 , 5.0]

B : [ 21.0065177 , 105.8431188 , 5.0]

C : [ 21.0065177 , 105.8432823 , 5.0]

D : [ 21.0066968 , 105.8432903 , 5.0]

E : [ 21.0066968 , 105.8431183 , 5.0]

F : [ 21.0066968 , 105.8429565 , 5.0]

G : [ 21.0066968 , 105.8427926 , 5.0]

H : [ 21.0065177 , 105.8427972 , 5.0]

I : [ 21.0063461 , 105.8427886 , 5.0]

J : [ 21.0063461 , 105.8429565 , 5.0]

P : [ 21.0064734 , 105.8430317 , 25.0]

Q : [ 21.0063192 , 105.8431147 , 25.0]

R : [ 21.0063192 , 105.8431147 , 25.0]

S : [ 21.0060714 , 105.8431121 , 25.0]

T : [ 21.0061968 , 105.8429880 , 25.0]

U : [ 21.0061945 , 105.8431148 , 25.0]

V : [ 21.0064670 , 105.8429463 , 25.0]