A : [ 21.0065151 , 105.8429518 , 20.0]
B : [ 21.0065142 , 105.8432367 , 20.0]
C : [ 21.0063478 , 105.8432362 , 20.0]
D : [ 21.0063470 , 105.8430170 , 20.0]
E : [ 21.0065130 , 105.8430275 , 20.0]
F : [ 21.0065136 , 105.8431321 , 20.0]
G : [ 21.0064310 , 105.8432365 , 20.0]
H : [ 21.0063474 , 105.8431266 , 20.0]
I : [ 21.0064300 , 105.8430222 , 20.0]

X : [ 21.0065194 , 105.8429516 , 20.0]

YawOffset : 0.0
