A : [ 21.0063296 , 105.8429940, 25.0]

B : [ 21.0063306 , 105.8433052 , 25.0]

C : [ 21.0062805 , 105.8433052 , 25.0]

D : [ 21.0062805 , 105.8429271 , 25.0]

E :  [ 21.0062239, 105.8429271,25.0 ]

F : [ 21.0062239, 105.8433052, 25.0]

G : [ 21.0061589, 105.8433052, 25.0]

H : [ 21.0061589, 105.8429271 ,25.0]

I : [ 21.0061106, 105.8429271,25.0]

J : [ 21.0061106, 105.8433052, 25.0]