offsetX: -0.05068204354029149
offsetY: -0.2437740215100348