offsetX: -5.039392566424794
offsetY: 1.689035100396723