A : [ 21.0065151 , 105.8429518 , 10.0]

B : [ 21.0065142 , 105.8432367 , 10.0]

C : [ 21.0063478 , 105.8432362 , 10.0]

D : [ 21.0063470 , 105.8430170 , 10.0]

E : [ 21.0065130 , 105.8430275 , 10.0]

YawOffset : 1.57 
